(0, 0)
(18, 0)
(0, 0)
(0, 0)
(0, 0)
(0, 0)
(0, 0)
(0, 0)
(0, 0)
(0, 0)
(0, 0)
(0, 0)
(0, 0)
(0, 0)
(0, 0)
(0, 0)
(0, 0)
(0, 0)
(0, 0)
(24, 0)
(16, 0)
(0, 0)
(0, 0)
(16, 1)
(15, -6)
(10, -7)
(0, 0)
(0, 0)
(18, 1)
(16, -6)
(13, -12)
(1, 1)
(1, 1)
(1, 1)
(1, 1)
(1, 1)
(1, 1)
(1, 1)
(32, 7)
(25, 7)
(0, 0)
(0, 0)
(15, 1)
(15, -7)
(11, -7)
(0, 0)
(16, 1)
(16, -7)
(12, -7)
(-1, 0)
(19, 1)
(18, -6)
(14, -7)
(0, 0)
(22, 0)
(21, 0)
(-1, 0)
(-1, 0)
(-1, 0)
(-1, 0)
(34, 0)
(27, 0)
(0, 0)
(0, 0)
(0, 16)
(-1, 10)
(-5, 5)
(0, 1)
(0, 1)
(3, 19)
(3, 12)
(2, 7)
(0, -1)
(0, -1)
(4, 23)
(3, 16)
(4, 10)
(1, 1)
(1, 1)
(7, 28)
(6, 22)
(6, 17)
(0, 0)
(0, 1)
(8, 37)
(8, 30)
(8, 25)
(0, 1)
(0, 1)
(10, 46)
(11, 39)
(11, 34)
(0, 1)
(0, 1)
(13, 58)
(11, 58)
(0, 1)
(-1, 1)
(-1, 1)
(15, 76)
(8, 77)
(0, 2)
(1, 1)
