Main menu:
[2,[1,-1],0,[]]

Just beaten tictactoe:
[3,[2,[2,1,1,1,2,2,1,2,1],[6860065,6862459,6862465,7549537,7551595,7551937,7566001,7568353,7683601,12493153,12493195,12610459],103652820],0,[]]

Main menu after tictactoe:
[2,[1,-1],0,[103652820]]

Just beaten matching pairs:
[4,[2,[122,203,410,164,444,484,202,77,251,56,456,435,28,329,257,265,501,18,190,423,384,434,266,69,34,437,203,152,160,425,245,428,99,107,192,372,346,344,169,478,393,502,201,497,313,32,281,510,436,22,237,80,325,405,184,358,57,276,359,189,284,277,198,244],-1,192496425430,[192,384,437,497,456,201,428,107,34,160,77,329,203,203,122,410]],0,[192496425430]]

Main menu after matching pairs:
[2,[1,-1],0,[192496425430]]

Main menu with both tictactoe and matching pairs:
[2,[1,-1],0,[103652820,192496425430]]

Before tutorial 1:
[5,[2,0,[],[],[],[],[],37043],8,[103652820,192496425430]]

Before tutorial 2:
[6,[1,9,3329321417127029600,1,1,3,[],[],4,[8,[],[[[1,0,(24,0),(1,0),[0,0,0,1],0,128,2],[]]]],[8,1,[448,2,128],[],[]],[[],[[0,[[[1,0,(16,0),(1,0),[0,0,0,1],0,128,2],[]]]],[1,[[[1,0,(17,0),(1,0),[0,0,0,1],0,128,2],[]]]],[2,[[[1,0,(18,0),(1,0),[0,0,0,1],0,128,2],[]]]],[3,[[[1,0,(19,0),(1,0),[0,0,0,1],0,128,2],[]]]],[4,[[[1,0,(20,0),(1,0),[0,0,0,1],0,128,2],[]]]],[5,[[[1,0,(21,0),(1,0),[0,0,0,1],0,128,2],[]]]],[6,[[[1,0,(22,0),(1,0),[0,0,0,1],0,128,2],[]]]],[7,[[[1,0,(23,0),(1,0),[0,0,0,1],0,128,2],[]]]],[8,[[[1,0,(24,0),(1,0),[0,0,0,1],0,128,2],[]]]]]],[]],8,[103652820,192496425430]]

Before tutorial 3:
[6,[2,9,758675440325746137,0,12,3,[],[],4,[6,[],[[[1,1,(24,0),(0,0),[0,0,0,0],0,64,1],[]],[[0,0,(22,0),(1,0),[0,0,0,0],0,128,2],[[1,128,32]]]]],[16,0,[512,2,128],[],[]],[[],[[0,[[[1,1,(24,0),(0,0),[63,0,0,1],0,64,1],[]],[[0,0,(16,0),(1,0),[0,0,0,1],0,128,2],[]]]],[1,[[[1,1,(24,0),(0,0),[63,0,0,1],0,64,1],[]],[[0,0,(17,0),(1,0),[0,0,0,1],0,128,2],[]]]],[2,[[[1,1,(24,0),(0,0),[63,0,0,1],0,64,1],[]],[[0,0,(18,0),(1,0),[0,0,0,1],0,128,2],[]]]],[3,[[[1,1,(24,0),(0,0),[63,0,0,1],0,64,1],[]],[[0,0,(19,0),(1,0),[0,0,0,1],0,128,2],[]]]],[4,[[[1,1,(24,0),(0,0),[63,0,0,1],0,64,1],[]],[[0,0,(20,0),(1,0),[0,0,0,1],0,128,2],[]]]],[5,[[[1,1,(24,0),(0,0),[63,0,0,1],0,64,1],[]],[[0,0,(21,0),(1,0),[0,0,0,1],0,128,2],[]]]],[6,[[[1,1,(24,0),(0,0),[0,0,0,0],0,64,1],[]],[[0,0,(22,0),(1,0),[0,0,0,0],0,128,2],[[1,128,32]]]]]]],[]],8,[103652820,192496425430]]

Before tutorial 4:
[6,[3,9,3341549502362324295,0,17,3,[],[],4,[8,[],[[[1,1,(33,6),(0,0),[0,0,0,0],0,64,1],[]],[[0,0,(32,8),(2,1),[0,0,0,0],16,128,2],[[1,161,32]]]]],[12,0,[512,2,128],[],[]],[[],[[0,[[[1,1,(33,6),(0,0),[78,0,0,1],0,64,1],[]],[[0,0,(16,0),(0,0),[3,0,0,1],0,128,2],[]]]],[1,[[[1,1,(33,6),(0,0),[78,0,0,1],0,64,1],[]],[[0,0,(18,1),(2,1),[1,0,0,1],16,128,2],[[0,(-2,-1)]]]]],[2,[[[1,1,(33,6),(0,0),[78,0,0,1],0,64,1],[]],[[0,0,(20,2),(2,1),[1,0,0,1],16,128,2],[]]]],[3,[[[1,1,(33,6),(0,0),[78,0,0,1],0,64,1],[]],[[0,0,(22,3),(2,1),[1,0,0,1],16,128,2],[]]]],[4,[[[1,1,(33,6),(0,0),[78,0,0,1],0,64,1],[]],[[0,0,(24,4),(2,1),[1,0,0,1],16,128,2],[]]]],[5,[[[1,1,(33,6),(0,0),[78,0,0,1],0,64,1],[]],[[0,0,(26,5),(2,1),[1,0,0,1],16,128,2],[]]]],[6,[[[1,1,(33,6),(0,0),[78,0,0,1],0,64,1],[]],[[0,0,(28,6),(2,1),[1,0,0,1],16,128,2],[]]]],[7,[[[1,1,(33,6),(0,0),[78,0,0,1],0,64,1],[]],[[0,0,(30,7),(2,1),[1,0,0,1],16,128,2],[]]]],[8,[[[1,1,(33,6),(0,0),[0,0,0,0],0,64,1],[]],[[0,0,(32,8),(2,1),[0,0,0,0],16,128,2],[[1,161,32]]]]]]],[]],8,[103652820,192496425430]]

Before tutorial 5:
[6,[4,9,830081694984426541,0,20,3,[],[],4,[6,[],[[[1,1,(38,0),(0,0),[0,0,0,0],0,64,1],[]],[[0,0,(40,0),(6,0),[0,0,0,0],100,128,2],[[1,238,32]]]]],[8,0,[512,2,128],[],[]],[[],[[0,[[[1,1,(38,0),(0,0),[32,0,0,1],0,64,1],[]],[[0,0,(16,0),(0,0),[15,0,0,1],52,128,2],[]]]],[1,[[[1,1,(38,0),(0,0),[32,0,0,1],0,64,1],[]],[[0,0,(18,0),(2,0),[13,0,0,1],68,128,2],[[0,(-2,0)]]]]],[2,[[[1,1,(38,0),(0,0),[32,0,0,1],0,64,1],[]],[[0,0,(20,0),(2,0),[13,0,0,1],68,128,2],[]]]],[3,[[[1,1,(38,0),(0,0),[32,0,0,1],0,64,1],[]],[[0,0,(24,0),(4,0),[11,0,0,1],84,128,2],[[0,(-2,0)]]]]],[4,[[[1,1,(38,0),(0,0),[32,0,0,1],0,64,1],[]],[[0,0,(28,0),(4,0),[11,0,0,1],84,128,2],[]]]],[5,[[[1,1,(38,0),(0,0),[32,0,0,1],0,64,1],[]],[[0,0,(34,0),(6,0),[9,0,0,1],100,128,2],[[0,(-2,0)]]]]],[6,[[[1,1,(38,0),(0,0),[0,0,0,0],0,64,1],[]],[[0,0,(40,0),(6,0),[0,0,0,0],100,128,2],[[1,238,32]]]]]]],[]],8,[103652820,192496425430]]

Before tutorial 6:
[6,[5,9,3002344418205138492,0,21,3,[],[],4,[16,[],[[[1,1,(16,86),(0,0),[0,0,0,0],0,64,1],[]],[[0,0,(16,88),(1,6),[0,0,0,0],48,128,2],[[1,205,32]]]]],[16,0,[512,2,128],[],[]],[[],[[0,[[[1,1,(16,86),(0,0),[32,0,0,1],0,64,1],[]],[[0,0,(0,16),(0,0),[6,0,4,1],60,128,2],[]]]],[1,[[[1,1,(16,86),(0,0),[32,0,0,1],0,64,1],[]],[[0,0,(1,18),(1,2),[4,0,4,1],72,128,2],[[0,(-1,-2)]]]]],[2,[[[1,1,(16,86),(0,0),[32,0,0,1],0,64,1],[]],[[0,0,(2,20),(1,2),[4,0,4,1],68,128,2],[]]]],[3,[[[1,1,(16,86),(0,0),[32,0,0,1],0,64,1],[]],[[0,0,(3,22),(1,2),[4,0,4,1],64,128,2],[]]]],[4,[[[1,1,(16,86),(0,0),[32,0,0,1],0,64,1],[]],[[0,0,(4,24),(1,2),[4,0,4,1],60,128,2],[]]]],[5,[[[1,1,(16,86),(0,0),[32,0,0,1],0,64,1],[]],[[0,0,(5,28),(1,4),[2,0,4,1],72,128,2],[[0,(0,-2)]]]]],[6,[[[1,1,(16,86),(0,0),[32,0,0,1],0,64,1],[]],[[0,0,(6,32),(1,4),[2,0,4,1],68,128,2],[]]]],[7,[[[1,1,(16,86),(0,0),[32,0,0,1],0,64,1],[]],[[0,0,(7,36),(1,4),[2,0,4,1],64,128,2],[]]]],[8,[[[1,1,(16,86),(0,0),[32,0,0,1],0,64,1],[]],[[0,0,(8,40),(1,4),[2,0,4,1],60,128,2],[]]]],[9,[[[1,1,(16,86),(0,0),[32,0,0,1],0,64,1],[]],[[0,0,(9,46),(1,6),[0,0,4,1],72,128,2],[[0,(0,-2)]]]]],[10,[[[1,1,(16,86),(0,0),[32,0,0,1],0,64,1],[]],[[0,0,(10,52),(1,6),[0,0,4,1],68,128,2],[]]]],[11,[[[1,1,(16,86),(0,0),[32,0,0,1],0,64,1],[]],[[0,0,(11,58),(1,6),[0,0,4,1],64,128,2],[]]]],[12,[[[1,1,(16,86),(0,0),[32,0,0,1],0,64,1],[]],[[0,0,(12,64),(1,6),[0,0,4,1],60,128,2],[]]]],[13,[[[1,1,(16,86),(0,0),[32,0,0,1],0,64,1],[]],[[0,0,(13,70),(1,6),[0,0,4,1],56,128,2],[]]]],[14,[[[1,1,(16,86),(0,0),[32,0,0,1],0,64,1],[]],[[0,0,(14,76),(1,6),[0,0,4,1],52,128,2],[]]]],[15,[[[1,1,(16,86),(0,0),[32,0,0,1],0,64,1],[]],[[0,0,(15,82),(1,6),[0,0,4,1],48,128,2],[]]]],[16,[[[1,1,(16,86),(0,0),[0,0,0,0],0,64,1],[]],[[0,0,(16,88),(1,6),[0,0,0,0],48,128,2],[[1,205,32]]]]]]],[]],8,[103652820,192496425430]]

Before tutorial 7:
[6,[6,9,7881212436899448018,0,24,3,[],[],4,[2,[],[[[1,1,(48,0),(0,0),[0,0,0,0],64,64,1],[]],[[0,0,(16,0),(0,0),[0,64,11,1],128,128,2],[[2,(48,0),86,227,4]]]]],[4,0,[512,2,128],[],[]],[[],[[0,[[[1,1,(48,0),(0,0),[423,0,0,1],64,64,1],[]],[[0,0,(16,0),(0,0),[0,86,11,1],0,128,2],[]]]],[1,[[[1,1,(48,0),(0,0),[196,0,0,1],64,64,1],[]],[[0,0,(16,0),(0,0),[0,86,11,1],75,128,2],[[2,(48,0),86,227,4]]]]],[2,[[[1,1,(48,0),(0,0),[0,0,0,0],64,64,1],[]],[[0,0,(16,0),(0,0),[0,64,11,1],128,128,2],[[2,(48,0),86,227,4]]]]]]],[]],8,[103652820,192496425430]]

Before tutorial 8:
[6,[7,9,8645721974598532254,0,25,3,[],[],4,[4,[],[[[1,1,(48,0),(0,0),[0,0,0,0],64,64,1],[]],[[0,0,(16,0),(0,0),[0,16,8,1],32,128,2],[[2,(48,0),16,17,4]]]]],[4,0,[512,2,128],[],[]],[[],[[0,[[[1,1,(48,0),(0,0),[0,0,0,1],0,64,1],[]],[[0,0,(16,0),(0,0),[0,16,8,1],0,128,2],[]]]],[1,[[[1,1,(48,0),(0,0),[0,0,0,1],17,64,1],[]],[[0,0,(16,0),(0,0),[0,16,8,1],8,128,2],[[2,(48,0),16,17,4]]]]],[2,[[[1,1,(48,0),(0,0),[0,0,0,1],34,64,1],[]],[[0,0,(16,0),(0,0),[0,16,8,1],16,128,2],[[2,(48,0),16,17,4]]]]],[3,[[[1,1,(48,0),(0,0),[0,0,0,1],51,64,1],[]],[[0,0,(16,0),(0,0),[0,16,8,1],24,128,2],[[2,(48,0),16,17,4]]]]],[4,[[[1,1,(48,0),(0,0),[0,0,0,0],64,64,1],[]],[[0,0,(16,0),(0,0),[0,16,8,1],32,128,2],[[2,(48,0),16,17,4]]]]]]],[]],8,[103652820,192496425430]]

Before tutorial 9:
[6,[8,9,41658865543701603,1,29,3,[],[],4,[5,[],[[[1,0,(16,0),(0,0),[0,16,16,1],0,128,2],[[2,(16,12),16,37,4]]],[[0,3,(16,10),(0,-5),[0,0,0,0],64,64,1],[]]]],[8,1,[448,2,128],[],[]],[[],[[0,[[[1,0,(16,0),(0,0),[0,16,16,1],0,128,2],[]],[[0,1,(44,0),(-3,0),[24,0,0,1],64,64,1],[]],[[0,2,(48,32),(-6,-6),[24,0,0,1],64,64,1],[]],[[0,3,(16,35),(0,-5),[24,0,0,1],64,64,1],[]]]],[1,[[[1,0,(16,0),(0,0),[0,16,16,1],0,128,2],[[2,(41,0),16,24,4]]],[[0,1,(41,0),(-3,0),[0,0,0,1],64,64,1],[]],[[0,2,(42,26),(-6,-6),[24,0,0,1],64,64,1],[]],[[0,3,(16,30),(0,-5),[24,0,0,1],64,64,1],[]]]],[2,[[[1,0,(16,0),(0,0),[0,16,16,1],0,128,2],[[2,(16,25),16,24,4]]],[[0,1,(38,0),(-3,0),[0,0,0,1],64,64,1],[]],[[0,2,(36,20),(-6,-6),[24,0,0,1],64,64,1],[]],[[0,3,(16,25),(0,-5),[0,0,0,1],64,64,1],[]]]],[3,[[[1,0,(16,0),(0,0),[0,16,16,1],0,128,2],[[2,(30,14),16,35,4]]],[[0,1,(35,0),(-3,0),[0,0,0,1],64,64,1],[]],[[0,2,(30,14),(-6,-6),[0,0,0,0],64,64,1],[]],[[0,3,(16,20),(0,-5),[0,0,0,1],64,64,1],[]]]],[4,[[[1,0,(16,0),(0,0),[0,16,16,1],0,128,2],[[2,(32,0),16,33,4]]],[[0,1,(32,0),(-3,0),[0,0,0,0],64,64,1],[]],[[0,3,(16,15),(0,-5),[0,0,0,1],64,64,1],[]]]],[5,[[[1,0,(16,0),(0,0),[0,16,16,1],0,128,2],[[2,(16,12),16,37,4]]],[[0,3,(16,10),(0,-5),[0,0,0,0],64,64,1],[]]]]]],[]],8,[103652820,192496425430]]

Before tutorial 10:
[6,[9,9,2376164913330074563,0,33,3,[],[],4,[1,[],[[[1,1,(48,17),(0,0),[0,0,0,0],64,64,1],[]],[[0,0,(18,-2),(2,-2),[6,64,64,1],16,128,2],[[2,(48,17),64,23,4],[0,(-2,2)]]]]],[4,0,[512,2,128],[],[]],[[],[[0,[[[1,1,(48,17),(0,0),[0,0,0,1],64,64,1],[]],[[0,0,(16,0),(0,0),[8,64,64,1],0,128,2],[]]]],[1,[[[1,1,(48,17),(0,0),[0,0,0,0],64,64,1],[]],[[0,0,(18,-2),(2,-2),[6,64,64,1],16,128,2],[[2,(48,17),64,23,4],[0,(-2,2)]]]]]]],[]],8,[103652820,192496425430]]

Before tutorial 11:
[6,[10,9,8497452827832254408,0,35,3,[],[],4,[5,[],[[[1,1,(9,25),(0,0),[0,0,0,0],0,64,1],[]],[[1,2,(-7,23),(0,0),[0,0,0,0],0,64,1],[]],[[0,0,(14,30),(4,4),[0,0,0,0],0,128,2],[[1,297,32]]],[[0,3,(-8,24),(-2,2),[0,0,0,0],0,128,2],[[1,291,32]]]]],[6,0,[512,2,128],[],[]],[[],[[0,[[[1,1,(9,25),(0,0),[95,0,0,1],0,64,1],[]],[[1,2,(-7,23),(0,0),[95,0,0,1],0,64,1],[]],[[0,0,(0,16),(0,0),[16,0,64,2],0,128,2],[]]]],[1,[[[1,1,(9,25),(0,0),[95,0,0,1],0,64,1],[]],[[1,2,(-7,23),(0,0),[95,0,0,1],0,64,1],[]],[[0,0,(0,16),(0,0),[12,0,32,1],0,128,2],[[3,[4,0,32,1]]]],[[0,3,(0,16),(0,0),[4,0,32,1],0,128,2],[]]]],[2,[[[1,1,(9,25),(0,0),[95,0,0,1],0,64,1],[]],[[1,2,(-7,23),(0,0),[95,0,0,1],0,64,1],[]],[[0,0,(2,18),(2,2),[10,0,32,1],0,128,2],[[0,(-2,-2)]]],[[0,3,(-2,18),(-2,2),[2,0,32,1],0,128,2],[[0,(2,-2)]]]]],[3,[[[1,1,(9,25),(0,0),[95,0,0,1],0,64,1],[]],[[1,2,(-7,23),(0,0),[95,0,0,1],0,64,1],[]],[[0,0,(6,22),(4,4),[8,0,32,1],0,128,2],[[0,(-2,-2)]]],[[0,3,(-4,20),(-2,2),[2,0,32,1],0,128,2],[]]]],[4,[[[1,1,(9,25),(0,0),[95,0,0,1],0,64,1],[]],[[1,2,(-7,23),(0,0),[95,0,0,1],0,64,1],[]],[[0,0,(10,26),(4,4),[8,0,32,1],0,128,2],[]],[[0,3,(-6,22),(-2,2),[2,0,32,1],0,128,2],[]]]],[5,[[[1,1,(9,25),(0,0),[0,0,0,0],0,64,1],[]],[[1,2,(-7,23),(0,0),[0,0,0,0],0,64,1],[]],[[0,0,(14,30),(4,4),[0,0,0,0],0,128,2],[[1,297,32]]],[[0,3,(-8,24),(-2,2),[0,0,0,0],0,128,2],[[1,291,32]]]]]]],[]],8,[103652820,192496425430]]

Before tutorial 12:
[6,[11,9,2659569644443803849,1,36,3,[],[],4,[32,[9,32],[[[1,0,(14,8),(-4,2),[3,0,0,1],16,128,2],[]]]],[32,1,[448,2,128],[9,32],[]],[[9,32],[[0,[[[1,0,(24,0),(0,0),[5,0,0,1],0,128,2],[]]]],[1,[[[1,0,(23,2),(-1,2),[3,0,0,1],16,128,2],[[0,(0,-2)]]]]],[2,[[[1,0,(21,4),(-2,2),[3,0,0,1],16,128,2],[]]]],[3,[[[1,0,(18,6),(-3,2),[3,0,0,1],16,128,2],[]]]],[4,[[[1,0,(14,8),(-4,2),[3,0,0,1],16,128,2],[]]]],[5,[[[1,0,(9,10),(-5,2),[3,0,0,1],16,128,2],[]]]],[6,[[[1,0,(4,11),(-5,1),[3,0,0,1],16,128,2],[]]]],[7,[[[1,0,(-1,11),(-5,0),[3,0,0,1],16,128,2],[]]]],[8,[[[1,0,(-6,10),(-5,-1),[3,0,0,1],16,128,2],[]]]],[9,[[[1,0,(-11,8),(-5,-2),[3,0,0,1],16,128,2],[]]]],[10,[[[1,0,(-15,6),(-4,-2),[3,0,0,1],16,128,2],[]]]],[11,[[[1,0,(-18,4),(-3,-2),[3,0,0,1],16,128,2],[]]]],[12,[[[1,0,(-20,2),(-2,-2),[3,0,0,1],16,128,2],[]]]],[13,[[[1,0,(-21,0),(-1,-2),[3,0,0,1],16,128,2],[]]]],[14,[[[1,0,(-21,-2),(0,-2),[3,0,0,1],16,128,2],[]]]],[15,[[[1,0,(-20,-4),(1,-2),[3,0,0,1],16,128,2],[]]]],[16,[[[1,0,(-18,-6),(2,-2),[3,0,0,1],16,128,2],[]]]],[17,[[[1,0,(-15,-8),(3,-2),[3,0,0,1],16,128,2],[]]]],[18,[[[1,0,(-11,-10),(4,-2),[3,0,0,1],16,128,2],[]]]],[19,[[[1,0,(-6,-12),(5,-2),[3,0,0,1],16,128,2],[]]]],[20,[[[1,0,(-1,-13),(5,-1),[3,0,0,1],16,128,2],[]]]],[21,[[[1,0,(4,-13),(5,0),[3,0,0,1],16,128,2],[]]]],[22,[[[1,0,(9,-12),(5,1),[3,0,0,1],16,128,2],[]]]],[23,[[[1,0,(14,-10),(5,2),[3,0,0,1],16,128,2],[]]]],[24,[[[1,0,(18,-8),(4,2),[3,0,0,1],16,128,2],[]]]],[25,[[[1,0,(21,-6),(3,2),[3,0,0,1],16,128,2],[]]]],[26,[[[1,0,(23,-4),(2,2),[3,0,0,1],16,128,2],[]]]],[27,[[[1,0,(24,-2),(1,2),[3,0,0,1],16,128,2],[]]]],[28,[[[1,0,(24,0),(0,2),[3,0,0,1],16,128,2],[]]]],[29,[[[1,0,(23,2),(-1,2),[3,0,0,1],16,128,2],[]]]],[30,[[[1,0,(21,4),(-2,2),[3,0,0,1],16,128,2],[]]]],[31,[[[1,0,(18,6),(-3,2),[3,0,0,1],16,128,2],[]]]],[32,[[[1,0,(14,8),(-4,2),[3,0,0,1],16,128,2],[]]]]]],[]],8,[103652820,192496425430]]

Before tutorial 13:
[6,[12,9,2001033106595585323,0,62,3,[],[],4,[7,[4,32],[[[1,1,(-2,18),(-3,0),[0,0,0,0],64,64,1],[]],[[0,0,(2,-18),(3,0),[24,48,24,1],128,128,2],[[2,(-2,18),48,77,4]]]]],[32,0,[512,2,128],[4,32],[]],[[4,32],[[0,[[[1,1,(16,0),(0,4),[236,0,4,16],64,64,1],[]],[[0,0,(-16,0),(0,-4),[64,48,24,1],0,128,2],[]]]],[1,[[[1,1,(15,4),(-1,4),[201,0,4,16],64,64,1],[]],[[0,0,(-15,-4),(1,-4),[64,48,24,1],24,128,2],[[2,(15,4),48,39,4]]]]],[2,[[[1,1,(13,8),(-2,4),[196,0,4,16],64,64,1],[]],[[0,0,(-13,-8),(2,-4),[64,48,24,1],48,128,2],[[2,(13,8),48,9,4]]]]],[3,[[[1,1,(10,12),(-3,4),[127,0,4,16],64,64,1],[]],[[0,0,(-10,-12),(3,-4),[64,48,24,1],72,128,2],[[2,(10,12),48,73,4]]]]],[4,[[[1,1,(7,15),(-3,3),[127,0,4,16],60,64,1],[]],[[0,0,(-7,-15),(3,-3),[64,48,24,1],96,128,2],[[2,(7,15),48,0,4]]]]],[5,[[[1,1,(4,17),(-3,2),[91,0,4,16],64,64,1],[]],[[0,0,(-4,-17),(3,-2),[64,48,24,1],120,128,2],[[2,(4,17),48,44,4]]]]],[6,[[[1,1,(1,18),(-3,1),[2,0,4,16],64,64,1],[]],[[0,0,(-1,-18),(3,-1),[48,48,24,1],128,128,2],[[2,(1,18),48,93,4]]]]],[7,[[[1,1,(-2,18),(-3,0),[0,0,0,0],64,64,1],[]],[[0,0,(2,-18),(3,0),[24,48,24,1],128,128,2],[[2,(-2,18),48,77,4]]]]]]],[]],8,[103652820,192496425430]]

After tutorial 13 (last):
[6,[13,9,3215140556484580667,0,186,3,[],[],4,[5,[16,128],[[[1,1,(25,-14),(-3,-4),[0,0,0,0],64,64,1],[]],[[0,0,(-23,-12),(4,-3),[0,10,10,1],128,128,2],[[2,(25,-14),19,6,4]]]]],[128,0,[512,2,128],[16,128],[]],[[16,128],[[0,[[[1,1,(32,0),(0,0),[362,0,7,1],0,64,1],[]],[[0,0,(-32,0),(0,0),[70,64,10,1],0,128,2],[]]]],[1,[[[1,1,(32,-1),(0,-1),[295,0,7,1],64,64,1],[[0,(-1,1)]]],[[0,0,(-32,-1),(0,-1),[69,64,10,1],62,128,2],[[2,(32,-1),64,129,4],[0,(1,1)]]]]],[2,[[[1,1,(32,-3),(0,-2),[164,0,7,1],64,64,1],[[0,(-1,1)]]],[[0,0,(-32,-3),(0,-2),[68,64,10,1],124,128,2],[[2,(32,-3),64,129,4],[0,(1,1)]]]]],[3,[[[1,1,(30,-6),(-2,-3),[29,0,7,1],64,64,1],[[0,(1,1)]]],[[0,0,(-30,-6),(2,-3),[9,64,10,1],128,128,2],[[0,(-1,1)],[2,(30,-6),64,133,4]]]]],[4,[[[1,1,(28,-10),(-2,-4),[0,0,0,1],64,64,1],[[0,(-1,1)]]],[[0,0,(-27,-9),(3,-3),[0,19,10,1],128,128,2],[[2,(27,-9),64,139,4]]]]],[5,[[[1,1,(25,-14),(-3,-4),[0,0,0,0],64,64,1],[]],[[0,0,(-23,-12),(4,-3),[0,10,10,1],128,128,2],[[2,(25,-14),19,6,4]]]]]]],[]],8,[103652820,192496425430]]
